TC Kimlik No
21745678910
32823178970
43975789068
54085214852
65121680234
76275364864
12134567830
23245678940
34356789050
45467890160
56578901270
67689012380
78790123490
89801234500
90912345610
23468921410
34527899052
23517890780
56725684148
12378934580
25614892568
14132678204
25235678930
36123456752
02007914496
62883818486
81553482376
53796209966
95664019864
28139241538
65213459960
06436023262
49470654054
59325715052
00709381288
71382680500
90070471558
47570172294
32036633310
96598656026
72603968988
90175316822
38759393074
31728463914
65459976382
29061765208
34385604294
32709219902
66994497622
09360126276
95082863292
25211676448
78019886298
33988951286
40985847702
80866556262
84376740166
87748180812
68552256672
47947046180
35225355482
30874337612
84796304528
78358267444
18916121504
66065952166
53268442464
12353702968
12187831438
76911324542
31315915918
62702619294
06601236756
86523027328
80338327970
85989237944
57758866440
11722734074
18372008302
09777903934
11642761402
54397232612
53609836662
80457374930
09968724836
99998738316
21879484418
42723424480
28307485658
09739311272
71773802184
40325985804
58521089288
08494742222
33823385498
54677329216
66987652076
85555454966
31099805184
19283237836
50684748316
70869817354
94604304572
03499054936
71921623180
66474661314
34147069712
56138653366
99589075530
85373627214
34092425762
82355400872
19490343238
81667082424
30867522216
51626673512
76535272052
90977160548
79222631798
06768993806
77928026900
34491330872
75205610286
18486599932
62570346834
98451785614
28327955674
39607386934
81660076802
97993010918
81592977772
21855205570
05756671276
56180649256
53214809518
39751239346
59303892188
60027722286
98834603214
59649887152
08062165750
44560625990
66888214496
25542239046
53185005636
45361132724
15771553396
55553444702
55285240764
09918980060
50037104202
63289352536
68458826962
75754163110
62754903310
90152002762
82012455658
73955011988
44594361994
24526992908
75526818934
67452199294
14763680522
55695207234
85715518460
05435949054
24058697876
44237269984
01806143946
18676576972
02299885238
54600092972
98930013474
08953868456
34736280610
08720060946
05799668370
25772330582
48128158692
93952639770
37676278488
47135474634
01262286614
79211156844
53302729056
22749955632
18291130252
75307348568
68871118088
57179225536
09702485016
29048835368
37316853242
60543218256
74407613002
56165513350
42495599546
18376217342
40395078376
48800584894
48369997746
14572689136
10392575710
05931671428
84368591622
62969829528
92385544910
31307790448
40989731472
80761024996
36315644226
15180860054
07798723418
38007986270
70061183196
73109640538
79027576508
57946504796
81351028974
59091126878
86144041222
53516352224
37083390070
72444988848
17506160534
10904221616
51598308818
75925453538
43687570190
23533443984
29118578102
92995358730
52249700098
24692092914
78153805636
73208837334
74761950188
84932831604
60336871262
16410148072
26504723436
84534794284
21313417316
91694457836
89130009886
00674429596
73051872070
00435039262
11717064940
77676317138
55016096080
98455306662
83578101980
28480860860
46793208346
18886818862
97053417916
97602711250
93518174738
74656674274
19315906600
31457482712
23178556186
62203827594
06586698884
09741930294
87717443078
31202215848
94813031818
22112272212
49200205440
16187497878
57510558590
67690986168
65620845646
42165574262
99452035906
04058916306
62733061604
08056850440
19029004746
83623545264
62429241594
14054166568
46010479450
03221675590
25302375670
57068356044
64826569578
95016699904
24344939154
11387904126
62678581014
63427429748
79567633174
29104863250
53331148200
52166166182
43984540872
46422818410
98747300682
24318382528
97477143552
08696824542
32847260866
60604956950
80326486580
98766930952
94730865428
86810657146
87660794692
36320299688
65202644650
90456508366
94193894546
23658464604
74538636406
53291063414
97269310940
33068146540
38863949044
41269167196
96191882228
79003701894
35082101246
55220755674
12461648912
80331885040
95214305638
95990246712
94806575206
52158904396
17742682210
47418709460
31415505194
96271907810
37480179032
92538119828
38879515882
76771705178
18843814524
63936287082
43771997704
71328442988
50774682650
48940811904
66851570772
82077313146
70041117630
51752935546
30099305144
99563625836
71562411344
87393322254
75936707194
27454635398
71442508898
92655287318
21831910702
04950530310
42588904820
73122821556
42923529770
77410968800
35292563476
07228857638
57178664824
95669832154
66726635810
38091749348
57065645738
97171494530
16078180742
77848787028
24240965530
87942825588
13689209558
02842590336
27634772738
09838063300
74317964348
37890970700
65094354736
77772610300
11202307668
29935031002
46692966132
91991892378
38214755904
00305438508
20153749090
50701694282
72636726852
57758758608
90141280836
93635039514
10490941660
36487222048
80799819854
45380846862
17689236552
61868397930
31901756888
54896718952
20163876946
90327603404
42216381962
61703474406
34082794816
64343499518
55745324218
82066092564
14386071066
99603257898
76303755916
10766895710
15462193832
17798803980
18707433328
63555075602
92228979794
82335957068
14776885792
81510389892
05615241510
62523418168
18672808404
64153865794
26702727878
07831398740
12237484416
75803254868
73999642964
96569038332
36839127908
59577532384
91502995482
89642411016
37546272400
89996966934
59487680502
59377863244
02096479388
15966596726
92104613804
79584340000
68378606644
53555389182
87678991274
08370903976
27339024088
32806530108
43218858728
86595022344
30662898226
10916419438
74400982150
62813780982
88068406606
16696196712
75504236798
79338111092
91043331992
23393350514
10318180394
66971896158
35832030048
00415647388
13725485656
62717119734
27600674844
81178190038
74797668880
09413220630
08019096878
06464260042
58738147160
72652230760
68002749242
53347646110
31843587144
22643624672
09962610968
49345342970
26282166104
28453221254
75371604812
94816848086
93277232274
67225475334
67884327364
53608911452
56176793802
99010946682
00870619012
25579552392
01550949610
96594377482
69122178646
38357313610
31851266192
68353070552
74803429894
99916059806
26756467362
42673730686
71766203462
51386196290
31625580134
37969023986
04270444410
41671858392
59285616888
71232649756
53615030924
28541771364
36559452458
60094382406
41899395198
07325269464
77683502176
02907547824
45565563188
36886711044
28800353560
06225391930
36484560488
55229306686
78077515932
84945288716
27527484212
28352970208
36519797490
38182159940
30598269282
08505409922
44753048476
95804892296
72135881106
29876937494
86095254740
39517746002
67424989212
16172360972
35212089314
65330276136
16652355474
15242293592
07203307530
80279208758
28396553764
73275851424
47487136358
74055547568
26737881934
37660314864
85161214558
32289061236
47313298298
57388977240
49763985360
38753630342
58793002138
54882343434
03830014278
24445119448
76230471606
87649050672
84284380782
44573215034
04063033166
52850055280
76247543020
86247328268
16491654950
97290137592
07942970378
94640554894
70158421682
60242298474
73192227340
29590891126
89558578308
03056420280
27983283732
95480424286
02320452378
97659808484
73429249640